>Slattery2011_AntpExd_TGAYNNAY
0.041	0.029	0.029	0.900
0.037	0.026	0.900	0.037
0.900	0.029	0.029	0.041
0.058	0.450	0.042	0.450
0.291	0.209	0.209	0.291
0.291	0.209	0.209	0.291
0.900	0.029	0.029	0.041
0.058	0.450	0.042	0.450

>Kribelbauer2020_AntpExd_high_TGATNNAY
0.041	0.029	0.029	0.900
0.037	0.026	0.900	0.037
0.900	0.029	0.029	0.041
0.041	0.029	0.029	0.900
0.291	0.209	0.209	0.291
0.291	0.209	0.209	0.291
0.900	0.029	0.029	0.041
0.058	0.450	0.042	0.450

>Kribelbauer2020_AntpExd_low_TGACNNAY
0.041	0.029	0.029	0.900
0.037	0.026	0.900	0.037
0.900	0.029	0.029	0.041
0.037	0.900	0.026	0.037
0.291	0.209	0.209	0.291
0.291	0.209	0.209	0.291
0.900	0.029	0.029	0.041
0.058	0.450	0.042	0.450

>HthExdAntp_trimer_sp3
0.041	0.029	0.029	0.900
0.037	0.026	0.900	0.037
0.900	0.029	0.029	0.041
0.037	0.900	0.026	0.037
0.900	0.029	0.029	0.041
0.037	0.026	0.900	0.037
0.291	0.209	0.209	0.291
0.291	0.209	0.209	0.291
0.291	0.209	0.209	0.291
0.041	0.029	0.029	0.900
0.037	0.026	0.900	0.037
0.900	0.029	0.029	0.041
0.041	0.029	0.029	0.900
0.291	0.209	0.209	0.291
0.291	0.209	0.209	0.291
0.900	0.029	0.029	0.041
0.058	0.450	0.042	0.450

>HthExdAntp_trimer_sp7
0.041	0.029	0.029	0.900
0.037	0.026	0.900	0.037
0.900	0.029	0.029	0.041
0.037	0.900	0.026	0.037
0.900	0.029	0.029	0.041
0.037	0.026	0.900	0.037
0.291	0.209	0.209	0.291
0.291	0.209	0.209	0.291
0.291	0.209	0.209	0.291
0.291	0.209	0.209	0.291
0.291	0.209	0.209	0.291
0.291	0.209	0.209	0.291
0.291	0.209	0.209	0.291
0.041	0.029	0.029	0.900
0.037	0.026	0.900	0.037
0.900	0.029	0.029	0.041
0.041	0.029	0.029	0.900
0.291	0.209	0.209	0.291
0.291	0.209	0.209	0.291
0.900	0.029	0.029	0.041
0.058	0.450	0.042	0.450